000000000900400105020000896140900000600005300590006400000081600010600004008570000
000000000809603001520180690000000000000805436600200180100000060000001720070320008
000000200087000904000004710040000001605200000000070300001030609090007050054089002
000204000000000190047500083000083005000000700005100000400910000029006050076302008
080000000005000007070835009001000005007090360040000800700510096002680100500003000
700000803840003201000000000380400970000000000000200000150008309000501024470009008
060002040809070250503084600000000000207095430604030080050008060900060700000000000
000310000050070009940650003029000076760490010000000000000000000004500097270060004
000000000019056000080010495000000000030004108002095000000000804004009056058002930
507008003000000000306217005701003500000024108002005300003501804000000000008072001
004300090803100075010000080009701042000000000002405018000000000985204007000007004
000000000060973804007041006016000700085000600040150000000004109000000000004067508